4.8906,-3.3584,3.4202,1.0905,0
1.4884,3.6274,3.308,0.48921,0
4.2969,7.617,-2.3874,-0.96164,0
-0.96511,9.4111,1.7305,-4.8629,0
-1.6162,0.80908,8.1628,0.60817,0
2.4391,6.4417,-0.80743,-0.69139,0
2.6881,6.0195,-0.46641,-0.69268,0
3.6289,0.81322,1.6277,0.77627,0
4.5679,3.1929,-2.1055,0.29653,0
3.4805,9.7008,-3.7541,-3.4379,0
4.1711,8.722,-3.0224,-0.59699,0
-0.2062,9.2207,-3.7044,-6.8103,0
-0.0068919,9.2931,-0.41243,-1.9638,0
0.96441,5.8395,2.3235,0.066365,0
2.8561,6.9176,-0.79372,0.48403,0
-0.7869,9.5663,-3.7867,-7.5034,0
2.0843,6.6258,0.48382,-2.2134,0
-0.7869,9.5663,-3.7867,-7.5034,0
3.9102,6.065,-2.4534,-0.68234,0
1.6349,3.286,2.8753,0.087054,0
4.3239,-4.8835,3.4356,-0.5776,0
5.262,3.9834,-1.5572,1.0103,0
3.1452,5.825,-0.51439,-1.4944,0
2.549,6.1499,-1.1605,-1.2371,0
4.9264,5.496,-2.4774,-0.50648,0
4.8265,0.80287,1.6371,1.1875,0
2.5635,6.7769,-0.61979,0.38576,0
5.807,5.0097,-2.2384,0.43878,0
3.1377,-4.1096,4.5701,0.98963,0
-0.78289,11.3603,-0.37644,-7.0495,0
2.888,0.44696,4.5907,-0.24398,0
0.49665,5.527,1.7785,-0.47156,0
4.2586,11.2962,-4.0943,-4.3457,0
1.7939,-1.1174,1.5454,-0.26079,0
5.4021,3.1039,-1.1536,1.5651,0
2.5367,2.599,2.0938,0.20085,0
4.6054,-4.0765,2.7587,0.31981,0
2.4235,9.5332,-3.0789,-2.7746,0
1.0009,7.7846,-0.28219,-2.6608,0
0.12326,8.9848,-0.9351,-2.4332,0
3.9529,-2.3548,2.3792,0.48274,0
4.1373,0.49248,1.093,1.8276,0
4.7181,10.0153,-3.9486,-3.8582,0
4.1654,-3.4495,3.643,1.0879,0
4.4069,10.9072,-4.5775,-4.4271,0
2.3066,3.5364,0.57551,0.41938,0
3.7935,7.9853,-2.5477,-1.872,0
0.049175,6.1437,1.7828,-0.72113,0
0.24835,7.6439,0.9885,-0.87371,0
1.1317,3.9647,3.3979,0.84351,0
2.8033,9.0862,-3.3668,-1.0224,0
4.4682,2.2907,0.95766,0.83058,0
5.0185,8.5978,-2.9375,-1.281,0
1.8664,7.7763,-0.23849,-2.9634,0
3.245,6.63,-0.63435,0.86937,0
4.0296,2.6756,0.80685,0.71679,0
-1.1313,1.9037,7.5339,1.022,0
0.87603,6.8141,0.84198,-0.17156,0
4.1197,-2.7956,2.0707,0.67412,0
3.8027,0.81529,2.1041,1.0245,0
1.4806,7.6377,-2.7876,-1.0341,0
4.0632,3.584,0.72545,0.39481,0
4.3064,8.2068,-2.7824,-1.4336,0
2.4486,-6.3175,7.9632,0.20602,0
3.2718,1.7837,2.1161,0.61334,0
-0.64472,-4.6062,8.347,-2.7099,0
2.9543,1.076,0.64577,0.89394,0
2.1616,-6.8804,8.1517,-0.081048,0
3.82,10.9279,-4.0112,-5.0284,0
-2.7419,11.4038,2.5394,-5.5793,0
3.3669,-5.1856,3.6935,-1.1427,0
4.5597,-2.4211,2.6413,1.6168,0
5.1129,-0.49871,0.62863,1.1189,0
3.3397,-4.6145,3.9823,-0.23751,0
4.2027,0.22761,0.96108,0.97282,0
3.5438,1.2395,1.997,2.1547,0
2.3136,10.6651,-3.5288,-4.7672,0
-1.8584,7.886,-1.6643,-1.8384,0
3.106,9.5414,-4.2536,-4.003,0
2.9163,10.8306,-3.3437,-4.122,0
3.9922,-4.4676,3.7304,-0.1095,0
1.518,5.6946,0.094818,-0.026738,0
3.2351,9.647,-3.2074,-2.5948,0
4.2188,6.8162,-1.2804,0.76076,0
1.7819,6.9176,-1.2744,-1.5759,0
2.5331,2.9135,-0.822,-0.12243,0
3.8969,7.4163,-1.8245,0.14007,0
2.108,6.7955,-0.1708,0.4905,0
2.8969,0.70768,2.29,1.8663,0
0.9297,-3.7971,4.6429,-0.2957,0
3.4642,10.6878,-3.4071,-4.109,0
4.0713,10.4023,-4.1722,-4.7582,0
-1.4572,9.1214,1.7425,-5.1241,0
-1.5075,1.9224,7.1466,0.89136,0
-0.91718,9.9884,1.1804,-5.2263,0
2.994,7.2011,-1.2153,0.3211,0
-2.343,12.9516,3.3285,-5.9426,0
3.7818,-2.8846,2.2558,-0.15734,0
4.6689,1.3098,0.055404,1.909,0
3.4663,1.1112,1.7425,1.3388,0
3.2697,-4.3414,3.6884,-0.29829,0
5.1302,8.6703,-2.8913,-1.5086,0
2.0139,6.1416,0.37929,0.56938,0
0.4339,5.5395,2.033,-0.40432,0
-1.0401,9.3987,0.85998,-5.3336,0
4.1605,11.2196,-3.6136,-4.0819,0
5.438,9.4669,-4.9417,-3.9202,0
5.032,8.2026,-2.6256,-1.0341,0
5.2418,10.5388,-4.1174,-4.2797,0
-0.2062,9.2207,-3.7044,-6.8103,0
2.0911,0.94358,4.5512,1.234,0
1.7317,-0.34765,4.1905,-0.99138,0
4.1736,3.3336,-1.4244,0.60429,0
3.9232,-3.2467,3.4579,0.83705,0
3.8481,10.1539,-3.8561,-4.2228,0
0.5195,-3.2633,3.0895,-0.9849,0
3.8584,0.78425,1.1033,1.7008,0
1.7496,-0.1759,5.1827,1.2922,0
3.6277,0.9829,0.68861,0.63403,0
2.7391,7.4018,0.071684,-2.5302,0
4.5447,8.2274,-2.4166,-1.5875,0
-1.7599,11.9211,2.6756,-3.3241,0
5.0691,0.21313,0.20278,1.2095,0
3.4591,11.112,-4.2039,-5.0931,0
1.9358,8.1654,-0.023425,-2.2586,0
2.486,-0.99533,5.3404,-0.15475,0
2.4226,-4.5752,5.947,0.21507,0
3.9479,-3.7723,2.883,0.019813,0
2.2634,-4.4862,3.6558,-0.61251,0
1.3566,4.2358,2.1341,0.3211,0
5.0452,3.8964,-1.4304,0.86291,0
3.5499,8.6165,-3.2794,-1.2009,0
0.17346,7.8695,0.26876,-3.7883,0
2.4008,9.3593,-3.3565,-3.3526,0
4.8851,1.5995,-0.00029081,1.6401,0
4.1927,-3.2674,2.5839,0.21766,0
1.1166,8.6496,-0.96252,-1.8112,0
1.0235,6.901,-2.0062,-2.7125,0
-1.803,11.8818,2.0458,-5.2728,0
0.11739,6.2761,-1.5495,-2.4746,0
0.5706,-0.0248,1.2421,-0.5621,0
4.0552,-2.4583,2.2806,1.0323,0
-1.6952,1.0657,8.8294,0.94955,0
-1.1193,10.7271,2.0938,-5.6504,0
1.8799,2.4707,2.4931,0.37671,0
3.583,-3.7971,3.4391,-0.12501,0
0.19081,9.1297,-3.725,-5.8224,0
3.6582,5.6864,-1.7157,-0.23751,0
-0.13144,-1.7775,8.3316,0.35214,0
2.3925,9.798,-3.0361,-2.8224,0
1.6426,3.0149,0.22849,-0.147,0
-0.11783,-1.5789,8.03,-0.028031,0
-0.69572,8.6165,1.8419,-4.3289,0
2.9421,7.4101,-0.97709,-0.88406,0
-1.7559,11.9459,3.0946,-4.8978,0
-1.2537,10.8803,1.931,-4.3237,0
3.2585,-4.4614,3.8024,-0.15087,0
1.8314,6.3672,-0.036278,0.049554,0
4.5645,-3.6275,2.8684,0.27714,0
2.7365,-5.0325,6.6608,-0.57889,0
0.9297,-3.7971,4.6429,-0.2957,0
3.9663,10.1684,-4.1131,-4.6056,0
1.4578,-0.08485,4.1785,0.59136,0
4.8272,3.0687,0.68604,0.80731,0
-2.341,12.3784,0.70403,-7.5836,0
-1.8584,7.886,-1.6643,-1.8384,0
4.1454,7.257,-1.9153,-0.86078,0
1.9157,6.0816,0.23705,-2.0116,0
4.0215,-2.1914,2.4648,1.1409,0
5.8862,5.8747,-2.8167,-0.30087,0
-2.0897,10.8265,2.3603,-3.4198,0
4.0026,-3.5943,3.5573,0.26809,0
-0.78689,9.5663,-3.7867,-7.5034,0
4.1757,10.2615,-3.8552,-4.3056,0
0.83292,7.5404,0.65005,-0.92544,0
4.8077,2.2327,-0.26334,1.5534,0
5.3063,5.2684,-2.8904,-0.52716,0
2.5605,9.2683,-3.5913,-1.356,0
2.1059,7.6046,-0.47755,-1.8461,0
2.1721,-0.73874,5.4672,-0.72371,0
4.2899,9.1814,-4.6067,-4.3263,0
3.5156,10.1891,-4.2759,-4.978,0
2.614,8.0081,-3.7258,-1.3069,0
0.68087,2.3259,4.9085,0.54998,0
4.1962,0.74493,0.83256,0.753,0
6.0919,2.9673,-1.3267,1.4551,0
1.3234,3.2964,0.2362,-0.11984,0
1.3264,1.0326,5.6566,-0.41337,0
-0.16735,7.6274,1.2061,-3.6241,0
-1.3,10.2678,-2.953,-5.8638,0
-2.2261,12.5398,2.9438,-3.5258,0
2.4196,6.4665,-0.75688,0.228,0
1.0987,0.6394,5.989,-0.58277,0
4.6464,10.5326,-4.5852,-4.206,0
-0.36038,4.1158,3.1143,-0.37199,0
1.3562,3.2136,4.3465,0.78662,0
0.5706,-0.0248,1.2421,-0.5621,0
-2.6479,10.1374,-1.331,-5.4707,0
3.1219,-3.137,1.9259,-0.37458,0
5.4944,1.5478,0.041694,1.9284,0
-2.5961,-9.349,9.7942,-0.28018,1
-1.5228,-6.4789,5.7568,0.87325,1
-0.53072,-0.097265,-0.21793,1.0426,1
-0.49081,2.8452,-3.6436,-3.1004,1
-6.5773,6.8017,0.85483,-7.5344,1
-2.4621,2.7645,-0.62578,-2.8573,1
-1.3995,-1.9162,2.5154,0.59912,1
-2.3221,-9.3304,9.233,-0.79871,1
-3.73,-12.9723,12.9817,-2.684,1
-1.6988,-7.1163,5.7902,0.16723,1
-0.26654,-0.64562,-0.42014,0.89136,1
0.33325,3.3108,-4.5081,-4.012,1
-4.2091,4.7283,-0.49126,-5.2159,1
-2.3142,-0.68494,1.9833,-0.44829,1
-2.4835,-7.4494,6.8964,-0.64484,1
-2.7611,-10.5099,9.0239,-1.9547,1
-0.36025,-4.449,2.1067,0.94308,1
1.0117,0.9022,-2.3506,0.42714,1
0.96708,3.8426,-4.9314,-4.1323,1
-5.2049,7.259,0.070827,-7.3004,1
-3.3203,-0.02691,2.9618,-0.44958,1
-2.565,-5.7899,6.0122,0.046968,1
-1.5951,-6.572,4.7689,-0.94354,1
0.7049,0.17174,-1.7859,0.36119,1
1.7331,3.9544,-4.7412,-2.5017,1
0.6818,4.8504,-5.2133,-6.1043,1
-6.3364,9.2848,0.014275,-6.7844,1
-3.8053,2.4273,0.6809,-1.0871,1
-2.1979,-2.1252,1.7151,0.45171,1
-0.87874,-2.2121,-0.051701,0.099985,1
0.74067,1.7299,-3.1963,-0.1457,1
0.98296,3.4226,-3.9692,-1.7116,1
-0.3489,3.1929,-3.4054,-3.1832,1
-3.8552,3.5219,-0.38415,-3.8608,1
-6.9599,8.9931,0.2182,-4.572,1
-4.7462,3.1205,1.075,-1.2966,1
-3.2051,-0.14279,0.97565,0.045675,1
-1.7549,-0.080711,-0.75774,-0.3707,1
-0.59587,2.4811,-2.8673,-0.89828,1
-0.89542,2.0279,-2.3652,-1.2746,1
-2.0754,1.2767,-0.64206,-1.2642,1
-3.2778,1.8023,0.1805,-2.3931,1
-2.2183,-1.254,2.9986,0.36378,1
-3.5895,-6.572,10.5251,-0.16381,1
-5.0477,-5.8023,11.244,-0.3901,1
-3.5741,3.944,-0.07912,-2.1203,1
-0.7351,1.7361,-1.4938,-1.1582,1
-2.2617,-4.7428,6.3489,0.11162,1
-4.244,-13.0634,17.1116,-2.8017,1
-4.0218,-8.304,12.555,-1.5099,1
-3.0201,-0.67253,2.7056,0.85774,1
-2.4941,3.5447,-1.3721,-2.8483,1
-0.83121,0.039307,0.05369,-0.23105,1
-2.5665,-6.8824,7.5416,0.70774,1
-4.4018,-12.9371,15.6559,-1.6806,1
-3.7573,-8.2916,10.3032,0.38059,1
-2.4725,-0.40145,1.4855,1.1189,1
-1.9725,2.8825,-2.3086,-2.3724,1
-2.0149,3.6874,-1.9385,-3.8918,1
-0.82053,0.65181,-0.48869,-0.52716,1
-1.7886,-6.3486,5.6154,0.42584,1
-2.9138,-9.4711,9.7668,-0.60216,1
-1.8343,-6.5907,5.6429,0.54998,1
-0.8734,-0.033118,-0.20165,0.55774,1
-0.70346,2.957,-3.5947,-3.1457,1
-6.7387,6.9879,0.67833,-7.5887,1
-2.7723,3.2777,-0.9351,-3.1457,1
-1.6641,-1.3678,1.997,0.52283,1
-2.4349,-9.2497,8.9922,-0.50001,1
-3.793,-12.7095,12.7957,-2.825,1
-1.9551,-6.9756,5.5383,-0.12889,1
-0.69078,-0.50077,-0.35417,0.47498,1
0.025013,3.3998,-4.4327,-4.2655,1
-4.3967,4.9601,-0.64892,-5.4719,1
-2.456,-0.24418,1.4041,-0.45863,1
-2.62,-6.8555,6.2169,-0.62285,1
-2.9662,-10.3257,8.784,-2.1138,1
-0.71494,-4.4448,2.2241,0.49826,1
0.6005,0.99945,-2.2126,0.097399,1
0.61652,3.8944,-4.7275,-4.3948,1
-5.4414,7.2363,0.10938,-7.5642,1
-3.5798,0.45937,2.3457,-0.45734,1
-2.7769,-5.6967,5.9179,0.37671,1
-1.8356,-6.7562,5.0585,-0.55044,1
0.30081,0.17381,-1.7542,0.48921,1
1.3403,4.1323,-4.7018,-2.5987,1
0.26877,4.987,-5.1508,-6.3913,1
-6.5235,9.6014,-0.25392,-6.9642,1
-4.0679,2.4955,0.79571,-1.1039,1
-2.564,-1.7051,1.5026,0.32757,1
-1.3414,-1.9162,-0.15538,-0.11984,1
0.23874,2.0879,-3.3522,-0.66553,1
0.6212,3.6771,-4.0771,-2.0711,1
-0.77848,3.4019,-3.4859,-3.5569,1
-4.1244,3.7909,-0.6532,-4.1802,1
-7.0421,9.2,0.25933,-4.6832,1
-4.9462,3.5716,0.82742,-1.4957,1
-3.5359,0.30417,0.6569,-0.2957,1
-2.0662,0.16967,-1.0054,-0.82975,1
-0.88728,2.808,-3.1432,-1.2035,1
-1.0941,2.3072,-2.5237,-1.4453,1
-2.4458,1.6285,-0.88541,-1.4802,1
-3.551,1.8955,0.1865,-2.4409,1
-2.2811,-0.85669,2.7185,0.044382,1
-3.6053,-5.974,10.0916,-0.82846,1
-5.0676,-5.1877,10.4266,-0.86725,1
-3.9204,4.0723,-0.23678,-2.1151,1
-1.1306,1.8458,-1.3575,-1.3806,1
-2.4561,-4.5566,6.4534,-0.056479,1
-4.4775,-13.0303,17.0834,-3.0345,1
-4.1958,-8.1819,12.1291,-1.6017,1
-3.38,-0.7077,2.5325,0.71808,1
-2.4365,3.6026,-1.4166,-2.8948,1
-0.77688,0.13036,-0.031137,-0.35389,1
-2.7083,-6.8266,7.5339,0.59007,1
-4.5531,-12.5854,15.4417,-1.4983,1
-3.8894,-7.8322,9.8208,0.47498,1
-2.5084,-0.22763,1.488,1.2069,1
-2.1652,3.0211,-2.4132,-2.4241,1
-1.8974,3.5074,-1.7842,-3.8491,1
-0.62043,0.5587,-0.38587,-0.66423,1
-1.8387,-6.301,5.6506,0.19567,1
-3,-9.1566,9.5766,-0.73018,1
-1.9116,-6.1603,5.606,0.48533,1
-1.005,0.084831,-0.2462,0.45688,1
-0.87834,3.257,-3.6778,-3.2944,1
-6.651,6.7934,0.68604,-7.5887,1
-2.5463,3.1101,-0.83228,-3.0358,1
-1.4377,-1.432,2.1144,0.42067,1
-2.4554,-9.0407,8.862,-0.86983,1
-3.9411,-12.8792,13.0597,-3.3125,1
-2.1241,-6.8969,5.5992,-0.47156,1
-0.74324,-0.32902,-0.42785,0.23317,1
-0.071503,3.7412,-4.5415,-4.2526,1
-4.2333,4.9166,-0.49212,-5.3207,1
-2.3675,-0.43663,1.692,-0.43018,1
-2.5526,-7.3625,6.9255,-0.66811,1
-3.0986,-10.4602,8.9717,-2.3427,1
-0.89809,-4.4862,2.2009,0.50731,1
0.56232,1.0015,-2.2726,-0.0060486,1
0.53936,3.8944,-4.8166,-4.3418,1
-5.3012,7.3915,0.029699,-7.3987,1
-3.3553,0.35591,2.6473,-0.37846,1
-2.7908,-5.7133,5.953,0.45946,1
-1.9983,-6.6072,4.8254,-0.41984,1
0.15423,0.11794,-1.6823,0.59524,1
1.208,4.0744,-4.7635,-2.6129,1
0.2952,4.8856,-5.149,-6.2323,1
-6.4247,9.5311,0.022844,-6.8517,1
-3.9933,2.6218,0.62863,-1.1595,1
-2.659,-1.6058,1.3647,0.16464,1
-1.4094,-2.1252,-0.10397,-0.19225,1
0.11032,1.9741,-3.3668,-0.65259,1
0.52374,3.644,-4.0746,-1.9909,1
-0.76794,3.4598,-3.4405,-3.4276,1
-3.9698,3.6812,-0.60008,-4.0133,1
-7.0364,9.2931,0.16594,-4.5396,1
-4.9447,3.3005,1.063,-1.444,1
-3.5933,0.22968,0.7126,-0.3332,1
-2.1674,0.12415,-1.0465,-0.86208,1
-0.9607,2.6963,-3.1226,-1.3121,1
-1.0802,2.1996,-2.5862,-1.2759,1
-2.3277,1.4381,-0.82114,-1.2862,1
-3.7244,1.9037,-0.035421,-2.5095,1
-2.5724,-0.95602,2.7073,-0.16639,1
-3.9297,-6.0816,10.0958,-1.0147,1
-5.2943,-5.1463,10.3332,-1.1181,1
-3.8953,4.0392,-0.3019,-2.1836,1
-1.2244,1.7485,-1.4801,-1.4181,1
-2.6406,-4.4159,5.983,-0.13924,1
-4.6338,-12.7509,16.7166,-3.2168,1
-4.2887,-7.8633,11.8387,-1.8978,1
-3.3458,-0.50491,2.6328,0.53705,1
-1.1188,3.3357,-1.3455,-1.9573,1
0.55939,-0.3104,0.18307,0.44653,1
-1.5078,-7.3191,7.8981,1.2289,1
-3.506,-12.5667,15.1606,-0.75216,1
-2.9498,-8.273,10.2646,1.1629,1
-1.6029,-0.38903,1.62,1.9103,1
-1.2667,2.8183,-2.426,-1.8862,1
-0.49281,3.0605,-1.8356,-2.834,1
0.66365,-0.045533,-0.18794,0.23447,1
-0.72068,-6.7583,5.8408,0.62369,1
-1.9966,-9.5001,9.682,-0.12889,1
-0.97325,-6.4168,5.6026,1.0323,1
-0.025314,-0.17383,-0.11339,1.2198,1
0.062525,2.9301,-3.5467,-2.6737,1
-5.525,6.3258,0.89768,-6.6241,1
-1.2943,2.6735,-0.84085,-2.0323,1
-0.24037,-1.7837,2.135,1.2418,1
-1.3968,-9.6698,9.4652,-0.34872,1
-2.9672,-13.2869,13.4727,-2.6271,1
-1.1005,-7.2508,6.0139,0.36895,1
0.22432,-0.52147,-0.40386,1.2017,1
0.90407,3.3708,-4.4987,-3.6965,1
-2.8619,4.5193,-0.58123,-4.2629,1
-1.0833,-0.31247,1.2815,0.41291,1
-1.5681,-7.2446,6.5537,-0.1276,1
-2.0545,-10.8679,9.4926,-1.4116,1
0.2346,-4.5152,2.1195,1.4448,1
